# 
# 13:09:19-Tue/29/Apr/2014
# 
15.861 32.404 15.471 33.625 22.654
25.799 29.731 23.420 17.768 14.987
12.259 29.030 21.453 14.237 32.638
17.189 20.763 17.750 26.234 24.986
25.498 16.978 17.459 16.666 18.553
13.876 14.423 34.780 34.686 15.005
10.820 15.416 28.046 30.078 10.785
24.930 10.242 23.345 26.515 35.333
16.807 30.664 32.397 33.730 10.256
22.172 35.227 20.373 30.950 24.135
29.857 22.566 10.942 12.406 13.042
16.607 34.805 26.310 31.025 24.635
26.402 30.904 33.830 33.472 31.233
12.602 19.407 11.105 24.132 30.502
11.504 15.011 19.520 16.429 30.475
19.178 26.491 22.782 25.079 34.152
34.260 13.048 31.711 19.024 12.771
19.977 23.214 34.708 19.674 10.515
32.123 13.033 22.398 31.874 23.326
21.588 30.612 10.720 24.802 20.690
35.321 30.636 11.576 15.057 21.737
28.125 18.667 19.380 33.697 34.518
20.596 33.114 18.621 12.310 23.631
27.052 32.971 34.812 29.833 29.557
28.306 28.090 29.767 35.046 19.730
12.318 16.311 15.848 19.472 30.863
11.732 21.668 30.936 16.938 11.817
16.374 12.369 30.798 14.541 15.181
30.973 30.862 25.229 33.526 11.725
34.807 24.760 17.914 31.255 27.015
35.356 12.941 25.013 22.257 26.833
16.367 10.994 24.078 19.500 32.954
21.913 20.876 26.339 23.643 34.711
30.320 22.866 15.584 25.602 29.289
29.475 35.534 15.772 21.054 21.008
18.325 19.516 22.388 24.023 16.963
13.626 17.898 13.680 18.301 27.519
25.534 35.629 24.503 24.193 26.580
28.733 25.903 25.207 25.628 19.247
30.023 25.617 18.085 16.464 12.017
19.067 10.528 14.424 11.739 17.293
19.082 25.276 29.963 26.131 14.272
32.991 28.830 22.893 26.613 23.192
14.489 26.557 35.398 29.843 14.828
13.254 33.924 33.407 29.304 29.594
13.843 30.905 15.103 14.146 20.581
10.210 31.761 14.309 29.051 25.064
29.842 25.500 34.717 19.884 22.874
18.828 29.140 17.863 30.569 12.392
16.209 21.373 13.414 15.377 31.659
19.697 15.776 31.776 24.872 26.360
32.868 28.406 16.960 10.448 24.211
28.242 30.745 15.062 26.372 34.133
16.784 17.658 21.054 24.765 35.446
25.199 32.841 26.933 22.256 17.991
19.130 30.017 14.726 13.717 15.633
27.257 19.671 15.466 18.633 12.282
21.332 30.886 21.568 21.606 10.902
17.314 12.117 11.417 32.221 28.415
31.376 13.589 19.515 33.487 21.251
33.804 34.715 10.369 21.240 25.069
19.095 19.789 19.273 16.091 10.864
28.845 35.662 11.178 32.107 24.080
10.698 11.955 23.599 12.866 17.748
17.208 34.950 22.176 17.472 34.125
34.852 28.545 13.690 32.892 21.452
30.246 28.598 26.856 29.758 30.902
21.972 22.558 12.683 19.657 32.796
15.817 29.297 30.769 15.212 29.697
26.962 35.074 20.101 29.497 31.721
19.866 15.904 19.590 26.847 16.763
32.092 17.727 29.683 18.387 23.060
32.492 22.578 26.117 18.942 22.149
11.766 23.454 21.653 17.824 14.608
18.887 17.719 19.445 30.823 33.038
33.533 20.950 33.110 25.170 35.614
13.369 29.499 25.201 23.321 29.534
31.449 31.393 18.975 19.907 25.380
11.293 30.975 25.144 21.509 26.472
34.561 30.707 26.932 15.492 34.979
20.071 33.284 22.977 27.346 32.829
11.689 17.716 14.731 11.387 18.916
33.543 16.644 13.082 34.217 22.779
22.231 27.740 31.036 15.986 15.360
21.025 31.814 33.842 15.055 27.781
21.570 32.592 17.738 17.090 10.759
32.419 14.435 17.303 16.481 33.712
12.282 18.785 27.551 14.422 24.930
21.029 10.535 25.668 19.046 15.594
35.066 31.594 21.642 18.392 10.559
28.766 16.991 23.248 26.163 29.399
14.233 12.529 29.939 11.512 20.569
11.119 15.499 15.030 31.617 29.145
16.439 25.147 22.812 12.525 19.324
29.343 13.484 16.317 19.289 10.303
29.923 20.275 26.486 23.614 30.074
27.001 20.368 13.353 21.012 10.335
12.193 31.360 23.378 30.318 29.047
23.659 28.746 34.267 34.385 16.688
33.364 22.211 15.514 20.659 25.090
